1 62500 62500 62500 62500 62500 62500 62500 62500 62500 62500 62500 62500 62500 62500 62500 62500 62500 62500 62500 62500 62500 62500 62500 62500
62500 62500 62500 62500 62500 62500 62500 62500 62500 62500 62500 62500 62500 62500 62500 62500 62500 62500 62500 62500 62500 62500 62500 62500 62500
62500 62500 62500 62500 62500 62500 62500 62500 62500 62500 62500 62500 62500 62500 62500 62500 62500 62500 62500 62500 62500 62500 62500 62500 62500
62500 62500 62500 62500 62500 62500 62500 62500 62500 62500 62500 62500 62500 62500 62500 62500 62500 62500 62500 62500 62500 62500 62500 62500 62500
62500 62500 62500 62500 1 62500 62500 62500 62500 62500 62500 62500 62500 62500 62500 62500 62500 62500 62500 62500 62500 62500 62500 62500 62500
62500 62500 62500 62500 62500 62500 62500 62500 62500 62500 62500 62500 62500 62500 62500 62500 62500 62500 62500 62500 62500 62500 62500 62500 62500
62500 62500 62500 62500 62500 62500 62500 62500 62500 62500 62500 62500 62500 62500 62500 62500 62500 62500 62500 62500 62500 62500 62500 62500 62500
62500 62500 62500 62500 62500 62500 62500 62500 62500 62500 62500 62500 62500 62500 62500 62500 62500 62500 62500 62500 62500 62500 62500 62500 62500
62500 62500 62500 62500 62500 62500 62500 62500 62500 62500 62500 62500 62500 62500 62500 62500 62500 62500 62500 62500 62500 62500 62500 62500 62500
62500 62500 62500 62500 62500 62500 62500 62500 62500 62500 62500 62500 62500 62500 62500 62500 62500 62500 62500 62500 62500 62500 62500 62500 62500
62500 62500 62500 62500 62500 62500 62500 62500 62500 62500 62500 62500 62500 62500 62500 62500 62500 62500 62500 62500 62500 62500 62500 62500 62500
62500 62500 62500 62500 62500 62500 62500 62500 62500 62500 62500 62500 62500 62500 62500 62500 62500 62500 62500 62500 62500 62500 62500 62500 62500
62500 62500 62500 62500 62500 62500 62500 62500 62500 62500 62500 62500 62500 62500 62500 62500 62500 62500 62500 62500 62500 62500 62500 62500 62500
62500 62500 62500 62500 62500 62500 62500 62500 62500 62500 62500 62500 62500 62500 62500 62500 62500 62500 62500 62500 62500 62500 62500 62500 62500
62500 62500 62500 62500 62500 62500 62500 62500 62500 62500 62500 62500 62500 62500 62500 62500 62500 62500 62500 62500 62500 62500 62500 62500 62500
62500 62500 62500 62500 62500 62500 62500 62500 62500 62500 62500 62500 62500 62500 62500 62500 62500 62500 62500 62500 62500 62500 62500 62500 62500
62500 62500 62500 62500 62500 62500 62500 62500 62500 62500 62500 62500 62500 62500 62500 62500 62500 62500 62500 62500 62500 62500 62500 62500 62500
62500 62500 62500 62500 62500 62500 62500 62500 62500 62500 62500 62500 62500 62500 62500 62500 62500 62500 62500 62500 62500 62500 62500 62500 62500
62500 62500 62500 62500 62500 62500 62500 62500 62500 62500 62500 62500 62500 62500 62500 62500 62500 62500 62500 62500 62500 62500 62500 62500 62500
62500 62500 62500 62500 62500 62500 62500 62500 62500 62500 62500 62500 62500 62500 62500 62500 62500 62500 62500 62500 62500 62500 62500 62500 62500
62500 62500 62500 62500 62500 62500 62500 62500 62500 62500 62500 62500 62500 62500 62500 62500 62500 62500 62500 62500 1 62500 62500 62500 62500
62500 62500 62500 62500 62500 62500 62500 62500 62500 62500 62500 62500 62500 62500 62500 62500 62500 62500 62500 62500 62500 62500 62500 62500 62500
62500 62500 62500 62500 62500 62500 62500 62500 62500 62500 62500 62500 62500 62500 62500 62500 62500 62500 62500 62500 62500 62500 62500 62500 62500
62500 62500 62500 62500 62500 62500 62500 62500 62500 62500 62500 62500 62500 62500 62500 62500 62500 62500 62500 62500 62500 62500 62500 62500 62500
62500 62500 62500 62500 62500 62500 62500 62500 62500 62500 62500 62500 62500 62500 62500 62500 62500 62500 62500 62500 62500 62500 62500 62500 1
